Heure UTC	Minute UTC	Seconde UTC	Heure UTC	Secondes mission	Latitude x 1000000	Longitude x 1000000	Altitude (m) x 100	Distance (m)	Speed (m/s) x 100	State GPS (Ok = 0 else False)	Speed (km/h)	Altitude (m)	Latitude 	Longitude
13	17	4	13:17:04	0	43218053	4294920790	43330	96	3	0	0,108	433,3	43,218053	-0,042949208
13	17	5	13:17:05	1	43218053	4294920791	43320	96	4	0	0,144	433,2	43,218053	-0,042949208
13	17	6	13:17:06	2	43218053	4294920791	43320	96	1	0	0,036	433,2	43,218053	-0,042949208
13	17	7	13:17:07	3	43218053	4294920791	43320	96	3	0	0,108	433,2	43,218053	-0,042949208
13	17	14	13:17:14	10	43218441	4294921037	43370	76	3	0	0,108	433,7	43,218441	-0,04294921
13	17	15	13:17:15	11	43218775	4294921158	43540	73	3	0	0,108	435,4	43,218775	-0,042949212
13	17	17	13:17:17	13	43219298	4294921449	43810	110	3103	0	111,708	438,1	43,219298	-0,042949214
13	17	17	13:17:17	13	43219298	4294921449	44120	110	3103	0	111,708	441,2	43,219298	-0,042949214
13	17	18	13:17:18	14	43219520	4294921607	44450	134	2774	0	99,864	444,5	43,21952	-0,042949216
13	17	19	13:17:19	15	43219689	4294921726	44820	153	2134	0	76,824	448,2	43,219689	-0,042949217
13	17	20	13:17:20	16	43219817	4294921823	45280	168	1644	0	59,184	452,8	43,219817	-0,042949218
13	17	23	13:17:23	19	43216326	4294919657	188060	282	1711	0	61,596	1880,6	43,216326	-0,042949197
13	17	24	13:17:24	20	43216183	4294919548	196280	299	1608	0	57,888	1962,8	43,216183	-0,042949195
13	17	25	13:17:25	21	43216054	4294919445	202600	315	1698	0	61,128	2026	43,216054	-0,042949194
13	17	26	13:17:26	22	43215927	4294919349	207780	330	1596	0	57,456	2077,8	43,215927	-0,042949193
13	17	27	13:17:27	23	43215804	4294919257	207780	346	1473	0	53,028	2077,8	43,215804	-0,042949193
13	17	28	13:17:28	24	43215686	4294919165	207780	360	1418	0	51,048	2077,8	43,215686	-0,042949192
13	17	29	13:17:29	25	43215586	4294919070	207780	373	1297	0	46,692	2077,8	43,215586	-0,042949191
13	17	30	13:17:30	26	43215494	4294918970	207780	385	1233	0	44,388	2077,8	43,215494	-0,04294919
13	17	36	13:17:36	32	43215060	4294918315	236900	447	1233	0	44,388	2369	43,21506	-0,042949183
13	17	37	13:17:37	33	43215087	4294918300	238040	445	1233	0	44,388	2380,4	43,215087	-0,042949183
13	17	39	13:17:39	35	43215096	4294918325	237469	443	211	0	7,596	2374,69	43,215096	-0,042949183
13	17	40	13:17:40	36	43215100	4294918328	235940	443	331	0	11,916	2359,4	43,2151	-0,042949183
13	17	41	13:17:41	37	43215074	4294918327	232800	445	456	0	16,416	2328	43,215074	-0,042949183
13	17	42	13:17:42	38	43215069	4294918373	230330	445	205	0	7,38	2303,3	43,215069	-0,042949184
13	17	43	13:17:43	39	43215076	4294918366	228840	444	447	0	16,092	2288,4	43,215076	-0,042949184
13	17	44	13:17:44	40	43215046	4294918387	225950	447	322	0	11,592	2259,5	43,215046	-0,042949184
13	17	45	13:17:45	41	43215042	4294918409	222069	446	371	0	13,356	2220,69	43,215042	-0,042949184
13	17	46	13:17:46	42	43215018	4294918437	218800	448	290	0	10,44	2188	43,215018	-0,042949184
13	17	47	13:17:47	43	43215004	4294918473	216680	449	154	0	5,544	2166,8	43,215004	-0,042949185
13	17	48	13:17:48	44	43214995	4294918525	215040	448	141	0	5,076	2150,4	43,214995	-0,042949185
13	17	49	13:17:49	45	43214997	4294918625	212160	446	347	0	12,492	2121,6	43,214997	-0,042949186
13	17	50	13:17:50	46	43215005	4294918722	212160	443	365	0	13,14	2121,6	43,215005	-0,042949187
13	17	51	13:17:51	47	43215011	4294918772	212160	441	139	0	5,004	2121,6	43,215011	-0,042949188
13	17	52	13:17:52	48	43215010	4294918792	212160	440	45	0	1,62	2121,6	43,21501	-0,042949188
13	17	53	13:17:53	49	43215007	4294918811	212160	440	38	0	1,368	2121,6	43,215007	-0,042949188
13	17	59	13:17:59	55	43214982	4294919002	189970	439	38	0	1,368	1899,7	43,214982	-0,04294919
13	18	0	13:18:00	56	43214987	4294919037	188440	438	38	0	1,368	1884,4	43,214987	-0,04294919
13	18	2	13:18:02	58	43214995	4294919086	188440	436	116	0	4,176	1884,4	43,214995	-0,042949191
13	18	2	13:18:02	58	43214995	4294919086	185740	436	116	0	4,176	1857,4	43,214995	-0,042949191
13	18	3	13:18:03	59	43214989	4294919105	183160	437	124	0	4,464	1831,6	43,214989	-0,042949191
13	18	4	13:18:04	60	43214988	4294919116	180700	437	137	0	4,932	1807	43,214988	-0,042949191
13	18	5	13:18:05	61	43214985	4294919107	178540	437	207	0	7,452	1785,4	43,214985	-0,042949191
13	18	6	13:18:06	62	43214977	4294919115	177070	438	132	0	4,752	1770,7	43,214977	-0,042949191
13	18	7	13:18:07	63	43214974	4294919105	175700	438	146	0	5,256	1757	43,214974	-0,042949191
13	18	8	13:18:08	64	43214977	4294919124	174040	438	34	0	1,224	1740,4	43,214977	-0,042949191
13	18	9	13:18:09	65	43214972	4294919123	172690	438	70	0	2,52	1726,9	43,214972	-0,042949191
13	18	10	13:18:10	66	43214969	4294919120	171130	439	100	0	3,6	1711,3	43,214969	-0,042949191
13	18	11	13:18:11	67	43214965	4294919081	169630	440	258	0	9,288	1696,3	43,214965	-0,042949191
13	18	12	13:18:12	68	43214954	4294919021	168060	442	442	0	15,912	1680,6	43,214954	-0,04294919
13	18	13	13:18:13	69	43214950	4294919027	168060	442	217	0	7,812	1680,6	43,21495	-0,04294919
13	18	14	13:18:14	70	43214944	4294918988	168060	444	316	0	11,376	1680,6	43,214944	-0,04294919
13	18	15	13:18:15	71	43214897	4294918928	168060	450	619	0	22,284	1680,6	43,214897	-0,042949189
13	18	22	13:18:22	78	43214831	4294918619	149770	463	619	0	22,284	1497,7	43,214831	-0,042949186
13	18	24	13:18:24	80	43214813	4294918517	148200	468	512	0	18,432	1482	43,214813	-0,042949185
13	18	24	13:18:24	80	43214813	4294918517	146630	468	512	0	18,432	1466,3	43,214813	-0,042949185
13	18	25	13:18:25	81	43214798	4294918472	145030	470	436	0	15,696	1450,3	43,214798	-0,042949185
13	18	26	13:18:26	82	43214670	4294918983	129840	473	132	0	4,752	1298,4	43,21467	-0,04294919
13	18	27	13:18:27	83	43214644	4294918830	120109	479	22	0	0,792	1201,09	43,214644	-0,042949188
13	18	28	13:18:28	84	43214639	4294918742	114720	481	288	0	10,368	1147,2	43,214639	-0,042949187
13	18	29	13:18:29	85	43214609	4294918689	107220	486	421	0	15,156	1072,2	43,214609	-0,042949187
13	18	30	13:18:30	86	43214541	4294918713	99350	492	418	0	15,048	993,5	43,214541	-0,042949187
13	18	31	13:18:31	87	43214513	4294918727	93450	495	287	0	10,332	934,5	43,214513	-0,042949187
13	18	32	13:18:32	88	43214485	4294918726	88340	498	308	0	11,088	883,4	43,214485	-0,042949187
13	18	33	13:18:33	89	43214454	4294918734	83870	501	283	0	10,188	838,7	43,214454	-0,042949187
13	18	34	13:18:34	90	43214428	4294918720	79450	504	290	0	10,44	794,5	43,214428	-0,042949187
13	18	35	13:18:35	91	43214408	4294918705	79450	507	325	0	11,7	794,5	43,214408	-0,042949187
13	18	36	13:18:36	92	43214388	4294918680	79450	510	327	0	11,772	794,5	43,214388	-0,042949187
13	18	37	13:18:37	93	43214365	4294918664	79450	512	310	0	11,16	794,5	43,214365	-0,042949187
